16 1 0 0 10.6970 0.5000
148 0 0 1 100.0370 0.0000
152 1 0 0 10.2290 0.5000
173 1 0 0 10.7400 0.4896
79 1 0 0 9.9900 0.5000
123 0 0 1 100.1030 0.0000
32 1 0 0 11.0980 0.5000
118 0 0 1 100.0130 0.0000
99 0 0 1 100.0130 0.0000
172 1 0 0 10.3670 0.5000
190 1 0 0 10.6720 0.5000
277 1 0 0 10.4370 0.5000
260 1 0 0 16.6950 0.3507
198 1 0 0 12.0260 0.4760
85 0 0 1 100.1030 0.0000
143 0 0 1 100.0680 0.0000
286 0 0 1 100.1000 0.0000
65 1 0 0 9.9300 0.5000
24 1 0 0 12.1190 0.5000
178 1 0 0 11.1560 0.4907
122 1 0 0 10.3000 0.5000
288 0 1 0 10.1760 0.0000
109 1 0 0 10.3350 0.5000
185 0 0 1 100.1030 0.0000
293 1 0 0 12.1000 0.4780
75 1 0 0 9.8880 0.5000
238 0 0 1 100.0320 0.0000
117 0 0 1 100.0090 0.0000
298 1 0 0 12.2230 0.4753
232 0 0 1 100.0400 0.0000
202 1 0 0 9.9200 0.5000
258 1 0 0 11.7500 0.5000
187 1 0 0 11.7930 0.4594
155 0 0 1 100.0140 0.0000
10 1 0 0 9.9980 0.5000
257 1 0 0 10.0240 0.5000
184 1 0 0 10.9650 0.5000
9 1 0 0 9.9430 0.5000
147 1 0 0 10.5550 0.5000
221 1 0 0 10.8770 0.5000
87 1 0 0 9.9910 0.5000
189 1 0 0 12.1270 0.4458
128 1 0 0 10.3020 0.5000
141 1 0 0 10.5610 0.5000
267 1 0 0 10.8450 0.5000
199 1 0 0 12.8590 0.4659
145 1 0 0 11.8250 0.4652
192 0 0 1 100.0380 0.0000
111 0 0 1 100.0940 0.0000
275 1 0 0 11.8410 0.4534
30 0 0 1 100.0010 0.0000
249 0 0 1 100.0420 0.0000
4 1 0 0 11.0970 0.5000
149 1 0 0 10.2950 0.5000
171 0 0 1 100.0450 0.0000
261 1 0 0 10.0450 0.5000
276 0 0 1 100.0090 0.0000
27 1 0 0 9.9630 0.5000
282 0 0 1 100.0750 0.0000
289 1 0 0 11.5940 0.5000
290 1 0 0 17.5370 0.3278
230 1 0 0 12.0590 0.4663
39 1 0 0 10.1000 0.5000
297 1 0 0 27.5600 0.2180
234 0 0 1 100.0290 0.0000
161 1 0 0 10.6150 0.5000
252 0 0 1 100.0770 0.0000
8 1 0 0 10.1000 0.5000
112 1 0 0 10.4650 0.5000
224 0 0 1 100.0380 0.0000
233 1 0 0 10.3290 0.5000
201 1 0 0 10.6700 0.5000
285 0 0 1 100.0380 0.0000
36 1 0 0 10.1460 0.5000
60 1 0 0 10.7180 0.5000
72 1 0 0 10.0970 0.5000
287 1 0 0 13.3120 0.4866
142 1 0 0 10.2030 0.5000
265 0 0 1 100.0400 0.0000
183 1 0 0 10.3130 0.5000
133 1 0 0 13.3730 0.4048
7 1 0 0 11.0280 0.5000
52 1 0 0 38.6290 0.1364
45 0 0 1 100.0840 0.0000
292 1 0 0 14.5350 0.4180
219 0 0 1 100.0080 0.0000
131 1 0 0 10.0530 0.5000
207 0 0 1 100.0860 0.0000
138 1 0 0 12.6470 0.5000
179 1 0 0 10.7300 0.5000
245 0 0 1 100.0130 0.0000
223 1 0 0 10.4540 0.5000
125 1 0 0 10.5740 0.5000
299 0 1 0 7.9940 0.0000
218 1 0 0 10.2370 0.5000
74 1 0 0 10.1530 0.5000
174 1 0 0 10.2470 0.5000
15 1 0 0 10.7250 0.5000
248 1 0 0 12.1690 0.4488
1 1 0 0 11.8100 0.5000
16 1 0 0 10.8120 0.5000
148 0 0 1 100.0420 0.0000
152 1 0 0 10.3480 0.5000
173 1 0 0 10.4510 0.5000
79 1 0 0 9.8990 0.5000
123 0 0 1 100.0200 0.0000
32 1 0 0 11.1870 0.5000
118 0 0 1 100.0960 0.0000
99 0 0 1 100.0390 0.0000
172 1 0 0 10.3330 0.5000
190 1 0 0 11.3400 0.4919
277 1 0 0 10.5560 0.5000
260 0 1 0 5.8140 0.0000
198 1 0 0 10.5780 0.5000
85 0 0 1 100.1000 0.0000
143 0 0 1 100.0670 0.0000
286 0 0 1 100.0950 0.0000
65 1 0 0 9.9400 0.5000
24 1 0 0 11.3780 0.5000
178 1 0 0 11.0550 0.4952
122 1 0 0 10.4740 0.5000
288 0 1 0 8.4580 0.0000
109 1 0 0 10.2890 0.5000
185 0 0 1 100.1090 0.0000
293 1 0 0 15.3160 0.3776
75 1 0 0 9.8970 0.5000
238 0 0 1 100.0480 0.0000
117 0 0 1 100.0610 0.0000
298 1 0 0 18.0530 0.3218
232 0 0 1 100.0270 0.0000
202 1 0 0 10.0330 0.5000
258 1 0 0 12.9850 0.5000
187 1 0 0 11.7170 0.4623
155 0 0 1 100.0040 0.0000
10 1 0 0 9.9650 0.5000
257 1 0 0 10.0320 0.5000
184 1 0 0 10.8600 0.5000
9 1 0 0 9.9000 0.5000
147 1 0 0 11.3060 0.4981
221 1 0 0 11.0770 0.5000
87 1 0 0 10.0230 0.5000
189 1 0 0 11.6410 0.4644
128 1 0 0 10.4420 0.5000
141 1 0 0 10.3640 0.5000
267 1 0 0 10.6650 0.5000
199 1 0 0 12.0220 0.4983
145 1 0 0 10.7840 0.5000
192 0 0 1 100.0380 0.0000
111 0 0 1 100.0980 0.0000
275 1 0 0 11.6700 0.4601
30 0 0 1 100.0630 0.0000
249 0 0 1 100.0920 0.0000
4 1 0 0 11.9830 0.4950
149 1 0 0 10.4330 0.5000
171 0 0 1 100.0830 0.0000
261 1 0 0 10.0900 0.5000
276 0 0 1 100.0380 0.0000
27 1 0 0 10.0550 0.5000
282 0 0 1 100.0700 0.0000
289 1 0 0 12.1380 0.5000
290 1 0 0 19.0870 0.3012
230 1 0 0 11.4260 0.4921
39 1 0 0 10.1320 0.5000
297 1 0 0 37.4110 0.1606
234 0 0 1 100.0150 0.0000
161 1 0 0 10.7010 0.5000
252 0 0 1 100.1020 0.0000
8 1 0 0 10.0000 0.5000
112 1 0 0 11.0740 0.5000
224 0 0 1 100.0460 0.0000
233 1 0 0 10.5630 0.5000
201 1 0 0 10.5800 0.5000
285 0 0 1 100.0710 0.0000
36 1 0 0 10.0920 0.5000
60 1 0 0 10.6460 0.5000
72 1 0 0 10.0960 0.5000
287 1 0 0 12.1520 0.5000
142 1 0 0 10.1840 0.5000
265 0 0 1 100.0290 0.0000
183 1 0 0 10.2170 0.5000
133 1 0 0 16.0150 0.3381
7 1 0 0 11.1040 0.5000
52 1 0 0 94.1400 0.1250
45 0 0 1 100.0090 0.0000
292 1 0 0 12.8000 0.4746
219 0 0 1 100.0900 0.0000
131 1 0 0 10.1250 0.5000
207 0 0 1 100.0280 0.0000
138 1 0 0 96.6460 0.1250
179 1 0 0 10.6030 0.5000
245 0 0 1 100.0170 0.0000
223 1 0 0 10.3840 0.5000
125 1 0 0 11.4240 0.4865
299 0 0 1 100.0620 0.0000
218 1 0 0 10.0850 0.5000
74 1 0 0 10.1350 0.5000
174 1 0 0 10.2450 0.5000
15 1 0 0 10.9290 0.5000
248 1 0 0 12.4890 0.4373
1 1 0 0 12.4290 0.4953
16 1 0 0 10.7680 0.5000
148 0 0 1 100.0220 0.0000
152 1 0 0 10.1900 0.5000
173 1 0 0 10.8770 0.4835
79 1 0 0 9.9390 0.5000
123 0 0 1 100.0660 0.0000
32 1 0 0 11.0820 0.5000
118 1 0 0 14.8010 0.3969
99 0 0 1 100.0360 0.0000
172 1 0 0 10.3260 0.5000
190 1 0 0 10.9480 0.5000
277 1 0 0 10.5710 0.5000
260 1 0 0 15.4670 0.3786
198 1 0 0 11.1310 0.5000
85 0 0 1 100.0350 0.0000
143 0 0 1 100.0990 0.0000
286 0 0 1 100.0160 0.0000
65 1 0 0 9.9070 0.5000
24 1 0 0 11.5570 0.5000
178 1 0 0 12.5820 0.4351
122 1 0 0 10.2430 0.5000
288 0 1 0 13.1900 0.0000
109 1 0 0 10.3350 0.5000
185 0 0 1 100.0370 0.0000
293 1 0 0 14.9370 0.3872
75 1 0 0 9.9100 0.5000
238 0 0 1 100.0130 0.0000
117 0 0 1 100.0770 0.0000
298 1 0 0 13.0690 0.4445
232 0 0 1 100.0840 0.0000
202 1 0 0 9.9090 0.5000
258 1 0 0 11.3100 0.5000
187 1 0 0 14.3550 0.3774
155 0 1 0 19.6530 0.0000
10 1 0 0 9.8920 0.5000
257 1 0 0 10.0590 0.5000
184 1 0 0 10.8050 0.5000
9 1 0 0 9.8380 0.5000
147 1 0 0 10.9830 0.5000
221 1 0 0 10.9140 0.5000
87 1 0 0 9.9910 0.5000
189 1 0 0 12.1490 0.4450
128 1 0 0 10.3720 0.5000
141 1 0 0 10.2540 0.5000
267 1 0 0 10.7010 0.5000
199 1 0 0 13.4390 0.4458
145 1 0 0 10.7500 0.5000
192 0 0 1 100.0610 0.0000
111 0 0 1 100.0370 0.0000
275 1 0 0 11.5230 0.4659
30 0 0 1 100.0410 0.0000
249 0 0 1 100.0390 0.0000
4 1 0 0 11.8380 0.5000
149 1 0 0 10.2990 0.5000
171 0 0 1 100.0270 0.0000
261 1 0 0 10.0050 0.5000
276 0 0 1 100.0630 0.0000
27 1 0 0 9.9880 0.5000
282 0 0 1 100.0820 0.0000
289 1 0 0 12.8160 0.4851
290 1 0 0 13.1190 0.4382
230 1 0 0 20.8110 0.2702
39 1 0 0 10.1270 0.5000
297 1 0 0 18.0790 0.3324
234 0 0 1 100.0710 0.0000
161 1 0 0 10.5710 0.5000
252 0 0 1 100.0330 0.0000
8 1 0 0 10.0350 0.5000
112 1 0 0 10.8190 0.5000
224 0 0 1 100.0760 0.0000
233 1 0 0 10.3730 0.5000
201 1 0 0 10.5610 0.5000
285 0 0 1 100.0200 0.0000
36 1 0 0 10.1750 0.5000
60 1 0 0 10.6010 0.5000
72 1 0 0 12.9500 0.4104
287 1 0 0 11.8300 0.5000
142 1 0 0 10.0700 0.5000
265 0 0 1 100.0840 0.0000
183 1 0 0 10.3690 0.5000
133 1 0 0 12.4590 0.4345
7 1 0 0 10.8190 0.5000
52 0 0 1 100.0520 0.0000
45 0 0 1 100.0020 0.0000
292 1 0 0 17.7170 0.3429
219 0 0 1 100.1010 0.0000
131 1 0 0 10.1260 0.5000
207 0 0 1 100.0090 0.0000
138 0 1 0 12.9860 0.0000
179 1 0 0 10.7650 0.5000
245 0 0 1 100.0720 0.0000
223 1 0 0 10.3460 0.5000
125 1 0 0 10.8310 0.5000
299 0 1 0 7.8370 0.0000
218 1 0 0 10.2280 0.5000
74 1 0 0 10.1540 0.5000
174 1 0 0 10.3470 0.5000
15 1 0 0 10.8080 0.5000
248 1 0 0 12.5220 0.4361
1 1 0 0 12.2630 0.5000
XXXXXXXXXXXXXXXXXXXXXXXXXXXXXXXXXXXXXXXXXXXXXXXXXXXXXXXXXX
16 1 0 0 10.7690 0.5000
148 0 0 1 100.0190 0.0000
152 1 0 0 10.2900 0.5000
173 1 0 0 10.2750 0.5000
79 1 0 0 9.9420 0.5000
123 0 1 0 15.9400 0.0000
32 1 0 0 10.7170 0.5000
118 0 0 1 100.0940 0.0000
99 0 0 1 100.0630 0.0000
172 1 0 0 10.0010 0.5000
190 1 0 0 10.5830 0.5000
277 1 0 0 10.4690 0.5000
260 1 0 0 11.8470 0.4942
198 1 0 0 10.5140 0.5000
85 0 0 1 100.0050 0.0000
143 0 0 1 100.0410 0.0000
286 0 0 1 100.0530 0.0000
65 1 0 0 9.7990 0.5000
24 1 0 0 11.0440 0.5000
178 1 0 0 10.6210 0.5000
122 1 0 0 10.2350 0.5000
288 0 0 1 100.0050 0.0000
109 1 0 0 10.6760 0.5000
185 0 0 1 100.0290 0.0000
293 1 0 0 11.9120 0.4855
75 1 0 0 9.7670 0.5000
238 0 1 0 10.2820 0.0000
117 0 0 1 100.0950 0.0000
298 1 0 0 15.8650 0.3662
232 0 0 1 100.0000 0.0000
202 1 0 0 9.7460 0.5000
258 1 0 0 10.1560 0.5000
187 1 0 0 11.3010 0.4794
155 0 0 1 100.0770 0.0000
10 1 0 0 9.9330 0.5000
257 1 0 0 9.8650 0.5000
184 1 0 0 10.8290 0.5000
9 1 0 0 9.8080 0.5000
147 1 0 0 10.1370 0.5000
221 0 1 0 7.9740 0.0000
87 1 0 0 9.9380 0.5000
189 1 0 0 10.4900 0.5000
128 1 0 0 10.3380 0.5000
141 1 0 0 9.9080 0.5000
267 1 0 0 10.8540 0.5000
199 1 0 0 11.2320 0.5000
145 1 0 0 10.6690 0.5000
192 0 0 1 100.0470 0.0000
111 0 0 1 100.0450 0.0000
275 0 1 0 6.2370 0.0000
30 0 0 1 100.0030 0.0000
249 1 0 0 15.1980 0.3705
4 1 0 0 11.1820 0.5000
149 1 0 0 10.4460 0.5000
171 0 0 1 100.0910 0.0000
261 1 0 0 9.9400 0.5000
276 0 0 1 100.0080 0.0000
27 1 0 0 9.8400 0.5000
282 1 0 0 10.9090 0.5000
289 1 0 0 12.5340 0.4961
290 1 0 0 29.7580 0.1932
230 1 0 0 10.8260 0.5000
39 1 0 0 9.9590 0.5000
297 1 0 0 12.1580 0.4943
234 1 0 0 12.0570 0.4456
161 1 0 0 10.2480 0.5000
252 0 0 1 100.0520 0.0000
8 1 0 0 10.0270 0.5000
112 1 0 0 10.2840 0.5000
224 0 0 1 100.0360 0.0000
233 1 0 0 10.3330 0.5000
201 1 0 0 10.5310 0.5000
285 0 0 1 100.0170 0.0000
36 1 0 0 9.8430 0.5000
60 1 0 0 10.5810 0.5000
72 1 0 0 10.0570 0.5000
287 1 0 0 12.4330 0.5000
142 1 0 0 9.8480 0.5000
265 0 0 1 100.0350 0.0000
183 1 0 0 10.0380 0.5000
133 1 0 0 13.4530 0.4024
7 1 0 0 9.9440 0.5000
52 0 0 1 100.0440 0.0000
45 1 0 0 11.2700 0.5000
292 1 0 0 11.6420 0.5000
219 0 0 1 100.0570 0.0000
131 1 0 0 9.9890 0.5000
207 0 0 1 100.0640 0.0000
138 0 0 1 100.0980 0.0000
179 1 0 0 10.7260 0.5000
245 0 0 1 100.0450 0.0000
223 1 0 0 10.2940 0.5000
125 1 0 0 9.9450 0.5000
299 0 1 0 8.4720 0.0000
218 1 0 0 9.8320 0.5000
74 1 0 0 10.1160 0.5000
174 1 0 0 10.2210 0.5000
15 1 0 0 10.6260 0.5000
248 1 0 0 11.2840 0.4840
1 1 0 0 11.9560 0.5000
16 1 0 0 10.8580 0.5000
148 0 0 1 100.0420 0.0000
152 1 0 0 10.2020 0.5000
173 1 0 0 10.8640 0.4840
79 1 0 0 9.8330 0.5000
123 1 0 0 23.0220 0.2464
32 1 0 0 10.6950 0.5000
118 0 0 1 100.0080 0.0000
99 0 0 1 100.0350 0.0000
172 1 0 0 10.1750 0.5000
190 0 0 1 100.0680 0.0000
277 1 0 0 10.5670 0.5000
260 1 0 0 13.0950 0.4471
198 1 0 0 10.7900 0.5000
85 0 0 1 100.0530 0.0000
143 1 0 0 16.0370 0.3541
286 0 0 1 100.0640 0.0000
65 1 0 0 9.8540 0.5000
24 1 0 0 11.6480 0.5000
178 1 0 0 10.3980 0.5000
122 1 0 0 10.7770 0.5000
288 0 0 1 100.0850 0.0000
109 1 0 0 10.3420 0.5000
185 0 0 1 100.0520 0.0000
293 1 0 0 12.3400 0.4687
75 1 0 0 9.7250 0.5000
238 0 1 0 88.4970 0.0000
117 0 0 1 100.0960 0.0000
298 1 0 0 12.7570 0.4554
232 0 0 1 100.0440 0.0000
202 1 0 0 9.7450 0.5000
258 1 0 0 10.2010 0.5000
187 1 0 0 11.1100 0.4876
155 0 1 0 37.3900 0.0000
10 1 0 0 9.9160 0.5000
257 1 0 0 9.9340 0.5000
184 1 0 0 10.6610 0.5000
9 1 0 0 9.8140 0.5000
147 1 0 0 10.0050 0.5000
221 0 1 0 9.6690 0.0000
87 1 0 0 9.9440 0.5000
189 1 0 0 10.5980 0.5000
128 1 0 0 10.2370 0.5000
141 1 0 0 9.9060 0.5000
267 1 0 0 10.8430 0.5000
199 1 0 0 11.3670 0.5000
145 1 0 0 10.6470 0.5000
192 0 0 1 100.0330 0.0000
111 0 0 1 100.0530 0.0000
275 0 1 0 6.7760 0.0000
30 0 0 1 100.0320 0.0000
249 1 0 0 16.1910 0.3477
4 1 0 0 11.0440 0.5000
149 1 0 0 10.3570 0.5000
171 0 0 1 100.0190 0.0000
261 1 0 0 9.9900 0.5000
276 0 0 1 100.0140 0.0000
27 1 0 0 9.8400 0.5000
282 1 0 0 11.1340 0.5000
289 0 1 0 11.4970 0.0000
290 1 0 0 13.5740 0.4236
230 1 0 0 10.8560 0.5000
39 1 0 0 10.0040 0.5000
297 0 1 0 8.2740 0.0000
234 1 0 0 12.1610 0.4418
161 1 0 0 10.3590 0.5000
252 0 0 1 100.0760 0.0000
8 1 0 0 10.0860 0.5000
112 1 0 0 10.8640 0.5000
224 0 0 1 100.0410 0.0000
233 1 0 0 10.2250 0.5000
201 1 0 0 10.3680 0.5000
285 0 0 1 100.0630 0.0000
36 1 0 0 9.8840 0.5000
60 1 0 0 10.6610 0.5000
72 1 0 0 9.8790 0.5000
287 1 0 0 12.1960 0.5000
142 1 0 0 9.8440 0.5000
265 0 0 1 100.0750 0.0000
183 1 0 0 10.3620 0.5000
133 0 0 1 100.0690 0.0000
7 1 0 0 10.0210 0.5000
52 1 0 0 61.5820 0.1250
45 1 0 0 79.0610 0.1250
292 0 0 1 100.0390 0.0000
219 0 0 1 100.1070 0.0000
131 1 0 0 10.0520 0.5000
207 0 0 1 100.0640 0.0000
138 1 0 0 15.5200 0.4396
179 1 0 0 10.6870 0.5000
245 0 0 1 100.0080 0.0000
223 1 0 0 10.2180 0.5000
125 1 0 0 9.9690 0.5000
299 0 0 1 100.0820 0.0000
218 1 0 0 10.0470 0.5000
74 1 0 0 10.0050 0.5000
174 1 0 0 10.2430 0.5000
15 1 0 0 10.8090 0.5000
248 1 0 0 11.1600 0.4893
1 1 0 0 11.4030 0.5000
16 1 0 0 10.6530 0.5000
148 0 0 1 100.0650 0.0000
152 1 0 0 10.1400 0.5000
173 1 0 0 11.7890 0.4461
79 1 0 0 9.9170 0.5000
123 1 0 0 26.7410 0.2121
32 1 0 0 10.8700 0.5000
118 0 0 1 100.0870 0.0000
99 0 0 1 100.0640 0.0000
172 1 0 0 10.1380 0.5000
190 1 0 0 10.5970 0.5000
277 1 0 0 10.4470 0.5000
260 1 0 0 13.4600 0.4350
198 1 0 0 10.2020 0.5000
85 0 0 1 100.0110 0.0000
143 0 0 1 100.0030 0.0000
286 0 0 1 100.0740 0.0000
65 1 0 0 9.8780 0.5000
24 1 0 0 10.9830 0.5000
178 1 0 0 10.1080 0.5000
122 1 0 0 9.9760 0.5000
288 0 0 1 100.0160 0.0000
109 1 0 0 10.6130 0.5000
185 0 0 1 100.0650 0.0000
293 1 0 0 12.4370 0.4650
75 1 0 0 9.7290 0.5000
238 0 0 1 100.0830 0.0000
117 0 0 1 100.1040 0.0000
298 1 0 0 11.9830 0.4848
232 0 0 1 100.0940 0.0000
202 1 0 0 9.7230 0.5000
258 1 0 0 9.7380 0.5000
187 1 0 0 11.1810 0.4845
155 0 1 0 86.9970 0.0000
10 1 0 0 9.9480 0.5000
257 1 0 0 10.0830 0.5000
184 1 0 0 10.4870 0.5000
9 1 0 0 9.7480 0.5000
147 1 0 0 10.5670 0.5000
221 1 0 0 11.3030 0.5000
87 1 0 0 9.8600 0.5000
189 1 0 0 10.8660 0.4975
128 1 0 0 10.3050 0.5000
141 1 0 0 9.8400 0.5000
267 1 0 0 10.7410 0.5000
199 1 0 0 11.6500 0.5000
145 1 0 0 10.5930 0.5000
192 0 0 1 100.0630 0.0000
111 0 0 1 100.0370 0.0000
275 1 0 0 13.6140 0.3944
30 0 0 1 100.0690 0.0000
249 1 0 0 15.4840 0.3636
4 1 0 0 11.3640 0.5000
149 1 0 0 10.5680 0.5000
171 0 0 1 100.0070 0.0000
261 1 0 0 10.0010 0.5000
276 0 0 1 100.0100 0.0000
27 1 0 0 9.7350 0.5000
282 0 1 0 8.3470 0.0000
289 1 0 0 12.4170 0.5000
290 1 0 0 35.5150 0.1619
230 1 0 0 10.7940 0.5000
39 1 0 0 10.0620 0.5000
297 1 0 0 12.3280 0.4875
234 1 0 0 12.7170 0.4224
161 1 0 0 10.4400 0.5000
252 0 0 1 100.0090 0.0000
8 1 0 0 10.0430 0.5000
112 1 0 0 10.3790 0.5000
224 0 0 1 100.0030 0.0000
233 1 0 0 10.3280 0.5000
201 1 0 0 10.5450 0.5000
285 0 0 1 100.0600 0.0000
36 1 0 0 9.7900 0.5000
60 1 0 0 10.5300 0.5000
72 1 0 0 9.8160 0.5000
287 1 0 0 18.4350 0.3514
142 1 0 0 9.8860 0.5000
265 1 0 0 16.0180 0.3943
183 1 0 0 10.1170 0.5000
133 1 0 0 27.1530 0.1994
7 1 0 0 10.1220 0.5000
52 0 0 1 100.1010 0.0000
45 1 0 0 50.6780 0.1250
292 1 0 0 11.9400 0.5000
219 0 0 1 100.1020 0.0000
131 1 0 0 10.1160 0.5000
207 0 0 1 100.1040 0.0000
138 1 0 0 23.1450 0.2948
179 1 0 0 10.6230 0.5000
245 0 0 1 100.1070 0.0000
223 1 0 0 10.5090 0.5000
125 1 0 0 10.0330 0.5000
299 0 1 0 7.8630 0.0000
218 1 0 0 9.8430 0.5000
74 1 0 0 10.1530 0.5000
174 1 0 0 10.2310 0.5000
15 1 0 0 10.6820 0.5000
248 1 0 0 10.9730 0.4977
1 1 0 0 12.0100 0.5000
XXXXXXXXXXXXXXXXXXXXXXXXXXXXXXXXXXXXXXXXXXXXXXXXXXXXXXXXXX
16 1 0 0 9.9290 0.5000
148 1 0 0 9.5350 0.5000
152 1 0 0 9.7090 0.5000
173 1 0 0 9.3910 0.5000
79 1 0 0 9.2540 0.5000
123 1 0 0 13.3000 0.5000
32 1 0 0 9.2720 0.5000
118 0 1 0 43.4670 0.0000
99 0 0 1 100.0670 0.0000
172 1 0 0 9.4290 0.5000
190 0 0 1 100.0190 0.0000
277 1 0 0 10.7870 0.5000
260 1 0 0 13.4700 0.5000
198 1 0 0 9.2230 0.5000
85 0 0 1 100.0900 0.0000
143 0 1 0 6.2500 0.0000
286 1 0 0 11.0190 0.5000
65 1 0 0 9.2300 0.5000
24 1 0 0 14.5220 0.5000
178 1 0 0 9.3100 0.5000
122 1 0 0 10.6900 0.5000
288 0 1 0 5.6110 0.0000
109 1 0 0 9.4310 0.5000
185 1 0 0 11.4770 0.5000
293 0 0 1 100.0580 0.0000
75 1 0 0 9.1070 0.5000
238 1 0 0 13.2510 0.5000
117 0 1 0 20.8240 0.0000
298 0 0 1 100.1000 0.0000
232 1 0 0 10.5760 0.5000
202 1 0 0 9.1390 0.5000
258 1 0 0 9.2370 0.5000
187 1 0 0 9.5750 0.5000
155 1 0 0 9.2870 0.5000
10 1 0 0 9.3640 0.5000
257 1 0 0 9.2620 0.5000
184 1 0 0 12.5610 0.5000
9 1 0 0 9.2300 0.5000
147 1 0 0 9.1920 0.5000
221 1 0 0 10.1090 0.5000
87 1 0 0 9.2430 0.5000
189 1 0 0 9.1920 0.5000
128 1 0 0 9.1530 0.5000
141 1 0 0 9.1950 0.5000
267 1 0 0 10.3140 0.5000
199 1 0 0 10.4100 0.5000
145 1 0 0 9.2290 0.5000
192 0 0 1 100.1030 0.0000
111 0 0 1 100.1030 0.0000
275 0 1 0 4.8890 0.0000
30 0 0 1 100.0350 0.0000
249 1 0 0 11.3590 0.5000
4 1 0 0 9.6670 0.5000
149 1 0 0 9.7450 0.5000
171 0 0 1 100.0620 0.0000
261 1 0 0 10.8500 0.5000
276 1 0 0 19.1640 0.5000
27 1 0 0 9.1230 0.5000
282 1 0 0 9.5210 0.5000
289 1 0 0 9.6160 0.5000
290 1 0 0 87.9960 0.1307
230 1 0 0 9.5760 0.5000
39 1 0 0 9.2270 0.5000
297 1 0 0 9.8500 0.5000
234 1 0 0 9.3490 0.5000
161 1 0 0 9.6000 0.5000
252 1 0 0 9.1770 0.5000
8 1 0 0 9.5400 0.5000
112 1 0 0 9.8050 0.5000
224 0 0 1 100.0350 0.0000
233 1 0 0 9.2280 0.5000
201 1 0 0 11.3620 0.5000
285 0 0 1 100.0630 0.0000
36 1 0 0 9.2140 0.5000
60 1 0 0 9.2320 0.5000
72 1 0 0 9.1070 0.5000
287 0 0 1 100.0050 0.0000
142 1 0 0 9.2290 0.5000
265 0 0 1 100.0560 0.0000
183 1 0 0 10.2750 0.5000
133 1 0 0 9.7010 0.5000
7 1 0 0 9.2400 0.5000
52 1 0 0 9.3500 0.5000
45 1 0 0 13.5260 0.5000
292 1 0 0 9.5100 0.5000
219 0 0 1 100.0010 0.0000
131 1 0 0 9.4290 0.5000
207 0 0 1 100.0410 0.0000
138 0 0 1 100.1010 0.0000
179 1 0 0 10.0560 0.5000
245 0 0 1 100.0390 0.0000
223 1 0 0 9.6680 0.5000
125 1 0 0 9.2730 0.5000
299 0 1 0 9.3960 0.0000
218 1 0 0 9.1550 0.5000
74 1 0 0 9.6380 0.5000
174 1 0 0 9.4870 0.5000
15 1 0 0 12.1140 0.5000
248 1 0 0 9.4610 0.5000
1 1 0 0 9.4270 0.5000
16 1 0 0 9.9170 0.5000
148 1 0 0 9.5750 0.5000
152 1 0 0 9.6280 0.5000
173 1 0 0 9.3600 0.5000
79 1 0 0 9.2830 0.5000
123 1 0 0 11.8340 0.5000
32 1 0 0 9.2410 0.5000
118 0 0 1 100.0860 0.0000
99 0 0 1 100.0860 0.0000
172 1 0 0 9.4290 0.5000
190 0 0 1 100.0730 0.0000
277 1 0 0 10.9940 0.5000
260 1 0 0 10.3430 0.5000
198 1 0 0 9.2500 0.5000
85 0 0 1 100.0800 0.0000
143 1 0 0 13.0060 0.5000
286 1 0 0 10.1600 0.5000
65 1 0 0 9.2290 0.5000
24 1 0 0 10.9760 0.5000
178 1 0 0 9.2870 0.5000
122 1 0 0 9.4090 0.5000
288 1 0 0 35.8540 0.3444
109 1 0 0 9.6480 0.5000
185 1 0 0 11.5270 0.5000
293 0 0 1 100.0810 0.0000
75 1 0 0 9.1120 0.5000
238 1 0 0 13.5890 0.5000
117 0 0 1 100.0280 0.0000
298 0 0 1 100.0350 0.0000
232 1 0 0 10.5070 0.5000
202 1 0 0 9.2430 0.5000
258 1 0 0 9.2140 0.5000
187 1 0 0 9.4990 0.5000
155 1 0 0 9.1710 0.5000
10 1 0 0 9.4160 0.5000
257 1 0 0 9.3110 0.5000
184 1 0 0 11.7520 0.5000
9 1 0 0 9.1840 0.5000
147 1 0 0 9.1890 0.5000
221 1 0 0 10.6840 0.5000
87 1 0 0 9.2450 0.5000
189 1 0 0 9.0970 0.5000
128 1 0 0 9.1310 0.5000
141 1 0 0 9.2340 0.5000
267 1 0 0 10.3140 0.5000
199 1 0 0 10.1730 0.5000
145 1 0 0 9.2290 0.5000
192 0 0 1 100.0640 0.0000
111 0 0 1 100.0580 0.0000
275 0 1 0 3.7140 0.0000
30 0 0 1 100.0620 0.0000
249 1 0 0 11.5140 0.5000
4 1 0 0 9.8140 0.5000
149 1 0 0 10.0430 0.5000
171 0 0 1 100.0430 0.0000
261 1 0 0 10.8220 0.5000
276 0 1 0 2.9500 0.0000
27 1 0 0 9.1310 0.5000
282 0 1 0 6.1250 0.0000
289 0 1 0 4.2440 0.0000
290 1 0 0 13.1160 0.5000
230 1 0 0 9.8800 0.5000
39 1 0 0 9.1170 0.5000
297 1 0 0 9.8340 0.5000
234 1 0 0 9.2720 0.5000
161 1 0 0 9.7450 0.5000
252 1 0 0 9.2490 0.5000
8 1 0 0 9.5810 0.5000
112 1 0 0 9.5350 0.5000
224 0 0 1 100.0650 0.0000
233 1 0 0 9.2930 0.5000
201 1 0 0 11.7480 0.5000
285 1 0 0 27.8780 0.3960
36 1 0 0 9.1990 0.5000
60 1 0 0 9.2490 0.5000
72 1 0 0 9.1420 0.5000
287 0 0 1 100.0610 0.0000
142 1 0 0 9.2950 0.5000
265 0 0 1 100.0140 0.0000
183 1 0 0 9.8250 0.5000
133 1 0 0 10.9250 0.5000
7 1 0 0 9.1390 0.5000
52 1 0 0 9.2670 0.5000
45 1 0 0 10.9450 0.5000
292 1 0 0 9.5000 0.5000
219 0 0 1 100.0400 0.0000
131 1 0 0 9.4010 0.5000
207 0 0 1 100.0240 0.0000
138 0 0 1 100.0770 0.0000
179 1 0 0 9.8180 0.5000
245 0 0 1 100.0800 0.0000
223 1 0 0 9.7520 0.5000
125 1 0 0 9.1850 0.5000
299 0 1 0 5.8940 0.0000
218 1 0 0 9.1850 0.5000
74 1 0 0 9.3340 0.5000
174 1 0 0 9.5010 0.5000
15 1 0 0 13.4970 0.5000
248 1 0 0 9.5730 0.5000
1 1 0 0 9.3910 0.5000
16 1 0 0 9.9130 0.5000
148 1 0 0 9.5850 0.5000
152 1 0 0 9.6020 0.5000
173 1 0 0 9.3610 0.5000
79 1 0 0 9.3530 0.5000
123 1 0 0 11.1820 0.5000
32 1 0 0 9.2380 0.5000
118 0 1 0 29.9480 0.0000
99 0 0 1 100.0970 0.0000
172 1 0 0 9.5270 0.5000
190 0 0 1 100.0720 0.0000
277 1 0 0 10.4450 0.5000
260 1 0 0 10.2880 0.5000
198 1 0 0 9.1970 0.5000
85 0 0 1 100.0380 0.0000
143 0 1 0 4.3550 0.0000
286 1 0 0 11.0660 0.5000
65 1 0 0 9.2500 0.5000
24 1 0 0 12.2340 0.5000
178 1 0 0 9.3580 0.5000
122 1 0 0 10.6150 0.5000
288 0 1 0 8.3070 0.0000
109 1 0 0 9.5400 0.5000
185 1 0 0 11.1060 0.5000
293 0 0 1 100.0060 0.0000
75 1 0 0 9.1650 0.5000
238 1 0 0 14.8240 0.5000
117 0 0 1 100.0420 0.0000
298 0 0 1 100.0370 0.0000
232 1 0 0 10.3880 0.5000
202 1 0 0 9.1820 0.5000
258 1 0 0 9.2250 0.5000
187 1 0 0 9.3680 0.5000
155 1 0 0 9.1920 0.5000
10 1 0 0 9.3670 0.5000
257 1 0 0 9.3240 0.5000
184 1 0 0 12.3180 0.5000
9 1 0 0 9.1530 0.5000
147 1 0 0 9.1470 0.5000
221 1 0 0 9.9660 0.5000
87 1 0 0 9.2630 0.5000
189 1 0 0 9.0770 0.5000
128 1 0 0 9.1280 0.5000
141 1 0 0 9.1280 0.5000
267 1 0 0 10.3380 0.5000
199 1 0 0 12.6090 0.5000
145 1 0 0 9.2100 0.5000
192 0 0 1 100.0430 0.0000
111 0 0 1 100.0620 0.0000
275 0 1 0 6.7670 0.0000
30 0 0 1 100.0680 0.0000
249 1 0 0 11.1960 0.5000
4 1 0 0 9.7730 0.5000
149 1 0 0 10.0360 0.5000
171 0 0 1 100.0770 0.0000
261 1 0 0 10.2590 0.5000
276 0 1 0 6.4470 0.0000
27 1 0 0 9.2550 0.5000
282 1 0 0 9.6500 0.5000
289 1 0 0 9.5480 0.5000
290 0 1 0 82.6560 0.0000
230 1 0 0 9.8760 0.5000
39 1 0 0 9.1800 0.5000
297 1 0 0 9.7190 0.5000
234 1 0 0 9.2740 0.5000
161 1 0 0 9.7700 0.5000
252 1 0 0 9.2430 0.5000
8 1 0 0 9.5400 0.5000
112 1 0 0 9.7300 0.5000
224 0 0 1 100.0910 0.0000
233 1 0 0 9.1790 0.5000
201 1 0 0 12.3370 0.5000
285 0 0 1 100.0810 0.0000
36 1 0 0 9.1030 0.5000
60 1 0 0 9.2570 0.5000
72 1 0 0 9.1480 0.5000
287 0 0 1 100.0940 0.0000
142 1 0 0 9.2830 0.5000
265 0 0 1 100.0150 0.0000
183 1 0 0 10.0370 0.5000
133 1 0 0 10.5840 0.5000
7 1 0 0 9.2190 0.5000
52 1 0 0 9.2620 0.5000
45 1 0 0 11.6340 0.5000
292 1 0 0 9.5960 0.5000
219 0 0 1 100.0470 0.0000
131 1 0 0 9.4490 0.5000
207 0 0 1 100.0030 0.0000
138 0 0 1 100.0790 0.0000
179 1 0 0 10.8550 0.5000
245 0 0 1 100.0000 0.0000
223 1 0 0 9.6930 0.5000
125 1 0 0 9.2710 0.5000
299 0 1 0 21.5890 0.0000
218 1 0 0 9.2120 0.5000
74 1 0 0 9.5540 0.5000
174 1 0 0 9.6120 0.5000
15 1 0 0 11.8930 0.5000
248 1 0 0 9.4760 0.5000
1 1 0 0 9.4420 0.5000
16 1 0 0 9.8430 0.5000
148 1 0 0 9.4840 0.5000
152 1 0 0 11.2700 0.5000
173 1 0 0 9.2630 0.5000
79 1 0 0 9.2390 0.5000
123 1 0 0 12.2360 0.5000
32 1 0 0 9.2040 0.5000
118 0 1 0 4.1170 0.0000
99 0 1 0 24.8490 0.0000
172 1 0 0 9.2290 0.5000
190 0 0 1 100.0470 0.0000
277 1 0 0 9.9690 0.5000
260 0 1 0 4.6190 0.0000
198 1 0 0 9.2040 0.5000
85 0 1 0 4.7460 0.0000
143 0 1 0 2.7620 0.0000
286 1 0 0 9.9210 0.5000
65 1 0 0 9.2420 0.5000
24 1 0 0 15.0950 0.5000
178 1 0 0 9.2620 0.5000
122 1 0 0 9.2030 0.5000
288 1 0 0 9.6540 0.5000
109 1 0 0 9.5190 0.5000
185 0 1 0 2.9300 0.0000
293 0 0 1 100.0490 0.0000
75 1 0 0 9.2360 0.5000
238 0 1 0 12.1360 0.0000
117 0 1 0 84.7110 0.0000
298 0 1 0 7.7200 0.0000
232 1 0 0 9.4370 0.5000
202 1 0 0 9.0910 0.5000
258 1 0 0 9.2120 0.5000
187 1 0 0 9.2860 0.5000
155 1 0 0 9.1230 0.5000
10 1 0 0 9.2470 0.5000
257 1 0 0 9.2200 0.5000
184 1 0 0 10.5350 0.5000
9 1 0 0 9.2510 0.5000
147 1 0 0 9.0730 0.5000
221 0 1 0 6.6870 0.0000
87 1 0 0 9.3220 0.5000
189 1 0 0 9.1200 0.5000
128 1 0 0 9.1160 0.5000
141 1 0 0 9.2310 0.5000
267 1 0 0 10.1240 0.5000
199 1 0 0 9.6600 0.5000
145 1 0 0 9.2300 0.5000
192 0 1 0 2.4420 0.0000
111 0 1 0 25.9170 0.0000
275 0 1 0 3.8160 0.0000
30 0 0 1 100.0040 0.0000
249 1 0 0 11.0420 0.5000
4 1 0 0 9.7750 0.5000
149 1 0 0 11.3150 0.5000
171 0 1 0 7.6220 0.0000
261 1 0 0 10.6730 0.5000
276 0 0 1 100.0800 0.0000
27 1 0 0 9.2020 0.5000
282 0 1 0 5.8900 0.0000
289 1 0 0 9.7100 0.5000
290 0 1 0 3.0480 0.0000
230 1 0 0 9.4750 0.5000
39 1 0 0 9.1500 0.5000
297 1 0 0 9.7290 0.5000
234 1 0 0 9.1750 0.5000
161 1 0 0 9.7430 0.5000
252 1 0 0 9.1300 0.5000
8 1 0 0 9.5090 0.5000
112 1 0 0 9.4630 0.5000
224 0 0 1 100.1000 0.0000
233 1 0 0 9.2100 0.5000
201 1 0 0 13.8750 0.5000
285 0 1 0 36.1650 0.0000
36 1 0 0 9.1330 0.5000
60 1 0 0 9.2350 0.5000
72 1 0 0 9.1330 0.5000
287 1 0 0 16.0930 0.5000
142 1 0 0 9.2550 0.5000
265 0 1 0 15.8880 0.0000
183 1 0 0 9.8480 0.5000
133 1 0 0 9.9190 0.5000
7 1 0 0 9.1920 0.5000
52 1 0 0 9.1470 0.5000
45 1 0 0 9.2440 0.5000
292 1 0 0 9.2800 0.5000
219 0 1 0 4.2290 0.0000
131 1 0 0 9.3050 0.5000
207 0 0 1 100.0730 0.0000
138 0 1 0 3.6080 0.0000
179 1 0 0 9.7400 0.5000
245 1 0 0 29.4690 0.3764
223 1 0 0 9.6870 0.5000
125 1 0 0 9.2050 0.5000
299 1 0 0 10.0740 0.5000
218 1 0 0 9.2190 0.5000
74 1 0 0 13.7600 0.5000
174 1 0 0 9.4860 0.5000
15 1 0 0 10.9630 0.5000
248 1 0 0 9.3740 0.5000
1 1 0 0 9.2720 0.5000
16 1 0 0 10.0190 0.5000
148 1 0 0 14.2260 0.5000
152 1 0 0 9.9020 0.5000
173 1 0 0 9.3880 0.5000
79 1 0 0 9.4340 0.5000
123 0 0 1 100.0500 0.0000
32 1 0 0 11.5640 0.5000
118 0 1 0 5.8130 0.0000
99 0 1 0 37.6240 0.0000
172 1 0 0 9.2770 0.5000
190 1 0 0 10.7820 0.5000
277 1 0 0 10.3040 0.5000
260 1 0 0 10.6090 0.5000
198 1 0 0 9.3220 0.5000
85 0 1 0 10.3080 0.0000
143 1 0 0 14.6730 0.5000
286 1 0 0 13.7390 0.5000
65 1 0 0 9.5160 0.5000
24 1 0 0 10.7440 0.5000
178 1 0 0 9.3130 0.5000
122 1 0 0 9.7570 0.5000
288 0 1 0 22.1600 0.0000
109 1 0 0 9.7950 0.5000
185 1 0 0 30.8120 0.3564
293 0 1 0 29.2590 0.0000
75 1 0 0 9.4580 0.5000
238 1 0 0 15.4300 0.5000
117 0 0 1 100.0940 0.0000
298 1 0 0 21.2150 0.5000
232 1 0 0 13.0480 0.5000
202 1 0 0 9.2830 0.5000
258 1 0 0 9.3400 0.5000
187 1 0 0 9.5000 0.5000
155 1 0 0 9.2180 0.5000
10 1 0 0 9.6890 0.5000
257 1 0 0 9.2970 0.5000
184 1 0 0 11.0420 0.5000
9 1 0 0 9.3320 0.5000
147 1 0 0 9.3420 0.5000
221 1 0 0 9.8590 0.5000
87 1 0 0 9.6610 0.5000
189 1 0 0 9.1720 0.5000
128 1 0 0 9.7730 0.5000
141 1 0 0 9.3270 0.5000
267 1 0 0 10.2380 0.5000
199 1 0 0 11.6280 0.5000
145 1 0 0 11.5270 0.5000
192 0 1 0 14.7660 0.0000
111 0 0 1 100.0860 0.0000
275 1 0 0 11.2450 0.5000
30 0 1 0 12.0170 0.0000
249 1 0 0 12.5940 0.5000
4 1 0 0 10.0770 0.5000
149 1 0 0 10.1100 0.5000
171 1 0 0 11.9710 0.5000
261 1 0 0 9.3810 0.5000
276 0 0 1 100.0360 0.0000
27 1 0 0 9.4490 0.5000
282 1 0 0 9.3640 0.5000
289 1 0 0 11.2730 0.5000
290 1 0 0 63.3770 0.1814
230 1 0 0 9.7400 0.5000
39 1 0 0 9.2220 0.5000
297 1 0 0 12.0100 0.5000
234 1 0 0 9.4870 0.5000
161 1 0 0 9.8650 0.5000
252 1 0 0 26.9090 0.3848
8 1 0 0 9.8180 0.5000
112 1 0 0 9.6180 0.5000
224 0 0 1 100.0550 0.0000
233 1 0 0 9.8450 0.5000
201 1 0 0 10.1060 0.5000
285 0 0 1 100.0360 0.0000
36 1 0 0 9.3660 0.5000
60 1 0 0 9.9810 0.5000
72 1 0 0 9.2420 0.5000
287 1 0 0 11.0730 0.5000
142 1 0 0 9.3470 0.5000
265 0 1 0 46.7400 0.0000
183 1 0 0 9.4120 0.5000
133 1 0 0 9.9760 0.5000
7 1 0 0 9.3570 0.5000
52 1 0 0 9.8280 0.5000
45 0 1 0 7.9250 0.0000
292 1 0 0 9.3930 0.5000
219 1 0 0 26.6420 0.4608
131 1 0 0 9.4840 0.5000
207 0 1 0 68.0850 0.0000
138 0 1 0 5.1100 0.0000
179 1 0 0 11.0740 0.5000
245 1 0 0 11.5320 0.5000
223 1 0 0 9.8970 0.5000
125 1 0 0 9.4830 0.5000
299 0 1 0 8.1680 0.0000
218 1 0 0 9.1310 0.5000
74 1 0 0 9.6540 0.5000
174 1 0 0 9.6570 0.5000
15 1 0 0 10.0480 0.5000
248 0 1 0 5.6920 0.0000
1 1 0 0 9.5390 0.5000
xxxxxxxxxxxxxxxxxxxxxxxxxxxxxxxxxxxxxxxxxxxxxxxxxxxxxxxxxxxxxxxxxxxxxxxxxxxxxxxxxxxxxx
16 1 0 0 12.9950 0.5000
148 1 0 0 11.0030 0.5000
152 1 0 0 11.8130 0.5000
173 1 0 0 10.4390 0.5000
79 1 0 0 10.7850 0.5000
123 1 0 0 10.7010 0.5000
32 1 0 0 9.6640 0.5000
118 0 1 0 5.6890 0.0000
99 1 0 0 97.7990 0.1250
172 1 0 0 10.5920 0.5000
190 1 0 0 10.8140 0.5000
277 1 0 0 11.6270 0.5000
260 1 0 0 26.8460 0.4362
198 1 0 0 9.6580 0.5000
85 1 0 0 11.6140 0.5000
143 1 0 0 13.7800 0.5000
286 1 0 0 12.2500 0.5000
65 1 0 0 11.9210 0.5000
24 1 0 0 13.9100 0.5000
178 1 0 0 9.5320 0.5000
122 1 0 0 9.9350 0.5000
288 1 0 0 13.3460 0.5000
109 1 0 0 11.1450 0.5000
185 0 1 0 10.2420 0.0000
293 1 0 0 16.2900 0.5000
75 1 0 0 11.8420 0.5000
238 1 0 0 11.7970 0.5000
117 0 0 1 100.0890 0.0000
298 1 0 0 17.0990 0.5000
232 1 0 0 11.5410 0.5000
202 1 0 0 9.8150 0.5000
258 1 0 0 9.6880 0.5000
187 0 1 0 5.8680 0.0000
155 1 0 0 9.5280 0.5000
10 1 0 0 13.7440 0.5000
257 1 0 0 11.1680 0.5000
184 1 0 0 10.9550 0.5000
9 1 0 0 9.7550 0.5000
147 1 0 0 10.6140 0.5000
221 0 1 0 16.0180 0.0000
87 1 0 0 11.7770 0.5000
189 1 0 0 9.5220 0.5000
128 1 0 0 10.3160 0.5000
141 1 0 0 10.3040 0.5000
267 1 0 0 10.5380 0.5000
199 1 0 0 12.3080 0.5000
145 1 0 0 10.3980 0.5000
192 1 0 0 19.6030 0.5000
111 0 1 0 38.7930 0.0000
275 0 1 0 7.5110 0.0000
30 1 0 0 17.1950 0.5000
249 1 0 0 11.6680 0.5000
4 1 0 0 16.7710 0.5000
149 1 0 0 14.5720 0.5000
171 1 0 0 12.1480 0.5000
261 1 0 0 11.8200 0.5000
276 1 0 0 12.1810 0.5000
27 1 0 0 11.4970 0.5000
282 1 0 0 11.6130 0.5000
289 0 1 0 5.1670 0.0000
290 0 1 0 6.1700 0.0000
230 1 0 0 13.1360 0.5000
39 1 0 0 9.7400 0.5000
297 0 1 0 8.6330 0.0000
234 1 0 0 11.5260 0.5000
161 1 0 0 10.2770 0.5000
252 0 1 0 6.0750 0.0000
8 1 0 0 9.9090 0.5000
112 1 0 0 14.5100 0.5000
224 1 0 0 11.4080 0.5000
233 1 0 0 11.4330 0.5000
201 0 0 1 100.0940 0.0000
285 1 0 0 10.3210 0.5000
36 1 0 0 9.6490 0.5000
60 1 0 0 10.7180 0.5000
72 1 0 0 12.0410 0.5000
287 1 0 0 31.0180 0.4177
142 1 0 0 10.8010 0.5000
265 0 0 1 100.0690 0.0000
183 1 0 0 11.7000 0.5000
133 1 0 0 12.3250 0.5000
7 1 0 0 11.3210 0.5000
52 1 0 0 9.7510 0.5000
45 1 0 0 10.4320 0.5000
292 1 0 0 10.9450 0.5000
219 1 0 0 65.7580 0.1867
131 1 0 0 11.1480 0.5000
207 1 0 0 10.9240 0.5000
138 0 1 0 13.2960 0.0000
179 1 0 0 19.8800 0.5000
245 0 0 1 100.0990 0.0000
223 1 0 0 14.3950 0.5000
125 1 0 0 13.9840 0.5000
299 0 1 0 8.9740 0.0000
218 1 0 0 11.5220 0.5000
74 1 0 0 11.4350 0.5000
174 1 0 0 11.3810 0.5000
15 1 0 0 11.0040 0.5000
248 1 0 0 12.0310 0.5000
1 1 0 0 11.4710 0.5000
xxxxxxxxxxxxxxxxxxxxxxxxxxxxxxxxxxxxxxxxxxxxxxxxxxxxxxxxxxxxxxxxxxxxxxxxxxxxxxxxxxxxxx
16 1 0 0 11.3050 0.5000
148 1 0 0 10.0770 0.5000
152 1 0 0 11.1690 0.5000
173 1 0 0 11.4600 0.4589
79 1 0 0 10.5000 0.5000
123 1 0 0 10.8320 0.5000
32 1 0 0 10.3940 0.5000
118 1 0 0 10.7950 0.5000
99 1 0 0 11.8770 0.4817
172 1 0 0 10.3910 0.5000
190 0 1 0 4.9180 0.0000
277 0 1 0 12.3430 0.0000
260 1 0 0 12.0820 0.4846
198 1 0 0 10.3130 0.5000
85 1 0 0 10.6310 0.5000
143 1 0 0 17.3410 0.3275
286 1 0 0 12.3120 0.5000
65 1 0 0 10.2790 0.5000
24 1 0 0 16.6190 0.3719
178 1 0 0 10.4030 0.5000
122 1 0 0 10.2090 0.5000
288 0 0 1 100.1010 0.0000
109 1 0 0 10.5100 0.5000
185 0 1 0 20.5780 0.0000
293 1 0 0 14.4310 0.4008
75 1 0 0 10.3000 0.5000
238 1 0 0 11.0740 0.5000
117 1 0 0 15.0170 0.3970
298 1 0 0 11.9060 0.4879
232 1 0 0 10.4550 0.5000
202 1 0 0 10.2900 0.5000
258 1 0 0 10.1210 0.5000
187 1 0 0 11.2650 0.4809
155 1 0 0 10.0300 0.5000
10 1 0 0 14.4890 0.3857
257 1 0 0 11.0760 0.5000
184 1 0 0 11.8840 0.5000
9 1 0 0 10.2840 0.5000
147 1 0 0 10.7410 0.5000
221 1 0 0 10.2700 0.5000
87 1 0 0 10.8210 0.5000
189 1 0 0 10.1140 0.5000
128 1 0 0 10.8600 0.5000
141 1 0 0 10.2320 0.5000
267 1 0 0 10.9920 0.5000
199 0 1 0 8.6830 0.0000
145 1 0 0 11.1590 0.4930
192 0 1 0 44.4070 0.0000
111 0 0 1 100.0280 0.0000
275 1 0 0 13.5150 0.3973
30 0 0 1 100.0700 0.0000
249 1 0 0 11.1200 0.5000
4 1 0 0 10.7830 0.5000
149 1 0 0 12.0830 0.5000
171 0 1 0 8.9230 0.0000
261 1 0 0 12.2580 0.4340
276 0 1 0 5.8830 0.0000
27 1 0 0 10.2670 0.5000
282 1 0 0 11.7610 0.5000
289 1 0 0 13.4040 0.4639
290 1 0 0 16.6310 0.3457
230 1 0 0 10.9580 0.5000
39 1 0 0 10.1820 0.5000
297 1 0 0 11.5790 0.5000
234 1 0 0 10.2610 0.5000
161 1 0 0 10.7160 0.5000
252 1 0 0 12.8010 0.4045
8 1 0 0 10.5180 0.5000
112 1 0 0 11.0930 0.5000
224 1 0 0 10.7170 0.5000
233 1 0 0 11.7770 0.4878
201 0 0 1 100.0090 0.0000
285 1 0 0 11.2560 0.4904
36 1 0 0 9.9090 0.5000
60 1 0 0 11.2620 0.4943
72 0 1 0 34.0120 0.0000
287 0 1 0 12.6380 0.0000
142 1 0 0 11.5840 0.4765
265 1 0 0 88.0630 0.1250
183 1 0 0 10.7540 0.5000
133 1 0 0 10.4160 0.5000
7 1 0 0 10.0440 0.5000
52 1 0 0 10.0840 0.5000
45 1 0 0 10.8740 0.5000
292 1 0 0 13.0390 0.4659
219 1 0 0 13.5380 0.4534
131 1 0 0 10.8260 0.5000
207 1 0 0 11.8210 0.4587
138 1 0 0 58.1610 0.1250
179 1 0 0 11.1800 0.4903
245 0 0 1 100.0900 0.0000
223 1 0 0 11.0180 0.4962
125 1 0 0 10.1300 0.5000
299 0 0 1 100.0160 0.0000
218 1 0 0 10.2880 0.5000
74 1 0 0 10.5990 0.5000
174 1 0 0 10.5650 0.5000
15 1 0 0 14.7940 0.3868
248 1 0 0 10.6660 0.5000
1 1 0 0 10.3590 0.5000
xxxxxxxxxxxxxxxxxxxxxxxxxxxxxxxxxxxxxxxxxxxxxxxxxxxxxxxxxxxxxxxxxxxxxxxxxxxxxxxxxxxxxx
16 1 0 0 11.6250 0.5000
148 1 0 0 10.1940 0.5000
152 1 0 0 10.3440 0.5000
173 1 0 0 17.2160 0.3054
79 1 0 0 16.6250 0.3287
123 1 0 0 10.3710 0.5000
32 1 0 0 11.1930 0.5000
118 1 0 0 10.6970 0.5000
99 1 0 0 12.6720 0.4515
172 1 0 0 10.6510 0.4958
190 1 0 0 20.4740 0.2725
277 1 0 0 11.5740 0.4809
260 1 0 0 17.6850 0.3311
198 1 0 0 9.8330 0.5000
85 1 0 0 12.5240 0.4287
143 1 0 0 15.9750 0.3555
286 1 0 0 11.5440 0.5000
65 1 0 0 9.8850 0.5000
24 1 0 0 10.9040 0.5000
178 1 0 0 9.9460 0.5000
122 1 0 0 10.3620 0.5000
288 1 0 0 10.6570 0.5000
109 1 0 0 10.8240 0.5000
185 0 1 0 10.9830 0.0000
293 1 0 0 19.0100 0.3043
75 1 0 0 10.4750 0.5000
238 1 0 0 13.0330 0.4402
117 1 0 0 23.0170 0.2590
298 1 0 0 15.4190 0.3768
232 1 0 0 10.4130 0.5000
202 1 0 0 11.3930 0.4567
258 1 0 0 14.6820 0.4598
187 1 0 0 13.2970 0.4074
155 1 0 0 10.0410 0.5000
10 1 0 0 12.4190 0.4500
257 1 0 0 10.3420 0.5000
184 1 0 0 16.1270 0.3756
9 1 0 0 10.1380 0.5000
147 1 0 0 15.8340 0.3557
221 1 0 0 11.9930 0.5000
87 1 0 0 10.5960 0.5000
189 0 1 0 19.0130 0.0000
128 1 0 0 10.5700 0.5000
141 1 0 0 10.2530 0.5000
267 1 0 0 11.7830 0.4729
199 1 0 0 11.4640 0.5000
145 1 0 0 10.6500 0.5000
192 1 0 0 22.9600 0.2441
111 0 1 0 47.2270 0.0000
275 1 0 0 10.8700 0.4939
30 0 0 1 100.0000 0.0000
249 1 0 0 10.8130 0.5000
4 1 0 0 12.8540 0.4614
149 1 0 0 10.4460 0.5000
171 1 0 0 12.9320 0.4360
261 1 0 0 10.4650 0.5000
276 0 1 0 10.1890 0.0000
27 1 0 0 10.8180 0.5000
282 1 0 0 12.6790 0.4850
289 1 0 0 21.8490 0.2846
290 1 0 0 13.5710 0.4236
230 1 0 0 10.5960 0.5000
39 1 0 0 10.0990 0.5000
297 1 0 0 14.0510 0.4277
234 1 0 0 13.0140 0.4128
161 1 0 0 10.7090 0.5000
252 0 0 1 100.0530 0.0000
8 1 0 0 10.4990 0.5000
112 1 0 0 27.1870 0.2213
224 1 0 0 10.2510 0.5000
233 1 0 0 10.3930 0.5000
201 0 1 0 30.0980 0.0000
285 0 1 0 4.3000 0.0000
36 1 0 0 9.9430 0.5000
60 1 0 0 13.3490 0.4170
72 1 0 0 13.3630 0.3977
287 1 0 0 25.3440 0.2556
142 1 0 0 10.6390 0.5000
265 1 0 0 16.2650 0.3883
183 1 0 0 10.5680 0.5000
133 1 0 0 12.1590 0.4453
7 1 0 0 9.9460 0.5000
52 1 0 0 9.9930 0.5000
45 1 0 0 18.1120 0.3323
292 1 0 0 12.8110 0.4742
219 1 0 0 11.5960 0.5000
131 1 0 0 12.3370 0.5000
207 1 0 0 25.5910 0.2119
138 0 1 0 9.3760 0.0000
179 1 0 0 10.6380 0.5000
245 0 0 1 100.0000 0.0000
223 1 0 0 10.7810 0.5000
125 1 0 0 9.8310 0.5000
299 0 1 0 43.4210 0.0000
218 1 0 0 10.8290 0.5000
74 0 1 0 10.0100 0.0000
174 1 0 0 12.2910 0.4422
15 1 0 0 13.3170 0.4298
248 1 0 0 10.3530 0.5000
1 1 0 0 11.0420 0.5000
xxxxxxxxxxxxxxxxxxxxxxxxxxxxxxxxxxxxxxxxxxxxxxxxxxxxxxxxxxxxxxxxxxxxxxxxxxxxxxxxxxxxxx
16 1 0 0 11.1340 0.5000
148 1 0 0 10.1410 0.5000
152 1 0 0 12.1840 0.4679
173 1 0 0 10.2260 0.5000
79 1 0 0 9.9900 0.5000
123 1 0 0 10.8420 0.5000
32 1 0 0 10.0980 0.5000
118 0 0 1 100.0720 0.0000
99 1 0 0 11.4990 0.4975
172 1 0 0 9.8530 0.5000
190 1 0 0 21.5540 0.2588
277 1 0 0 92.3450 0.1250
260 1 0 0 19.8070 0.2956
198 1 0 0 10.0480 0.5000
85 1 0 0 13.1660 0.4078
143 0 1 0 19.4560 0.0000
286 1 0 0 14.8950 0.4321
65 1 0 0 9.9600 0.5000
24 1 0 0 12.4900 0.4948
178 1 0 0 9.8050 0.5000
122 1 0 0 10.1970 0.5000
288 1 0 0 10.4490 0.5000
109 1 0 0 11.1360 0.5000
185 1 0 0 14.3810 0.3818
293 0 1 0 8.3480 0.0000
75 1 0 0 10.3180 0.5000
238 1 0 0 10.2290 0.5000
117 0 1 0 12.4920 0.0000
298 1 0 0 19.3170 0.3007
232 1 0 0 10.0640 0.5000
202 1 0 0 9.9060 0.5000
258 1 0 0 9.8920 0.5000
187 1 0 0 11.9610 0.4529
155 1 0 0 9.6560 0.5000
10 1 0 0 10.7860 0.5000
257 1 0 0 11.1700 0.5000
184 1 0 0 11.4890 0.5000
9 1 0 0 10.1110 0.5000
147 1 0 0 16.0360 0.3512
221 1 0 0 10.2860 0.5000
87 1 0 0 10.7840 0.5000
189 1 0 0 9.8250 0.5000
128 1 0 0 10.6120 0.5000
141 1 0 0 10.6850 0.5000
267 1 0 0 10.6560 0.5000
199 1 0 0 12.4090 0.4828
145 1 0 0 10.7170 0.5000
192 1 0 0 18.5200 0.3026
111 0 0 1 100.0440 0.0000
275 1 0 0 11.6780 0.4598
30 0 0 1 100.0550 0.0000
249 1 0 0 10.8040 0.5000
4 1 0 0 10.7450 0.5000
149 1 0 0 10.3570 0.5000
171 1 0 0 15.6390 0.3605
261 1 0 0 9.8360 0.5000
276 0 1 0 7.0150 0.0000
27 1 0 0 10.2870 0.5000
282 1 0 0 11.3930 0.5000
289 1 0 0 17.0900 0.3638
290 1 0 0 11.7960 0.4874
230 1 0 0 10.4270 0.5000
39 1 0 0 9.8560 0.5000
297 1 0 0 12.3950 0.4848
234 1 0 0 11.1330 0.4825
161 1 0 0 10.9340 0.5000
252 0 0 1 100.0150 0.0000
8 1 0 0 10.4330 0.5000
112 1 0 0 10.8550 0.5000
224 1 0 0 10.0100 0.5000
233 1 0 0 11.2930 0.5000
201 0 0 1 100.0860 0.0000
285 1 0 0 12.1170 0.4556
36 1 0 0 9.6870 0.5000
60 1 0 0 11.4380 0.4867
72 1 0 0 15.6270 0.3401
287 0 1 0 19.4490 0.0000
142 1 0 0 11.0740 0.4984
265 0 0 1 100.0910 0.0000
183 1 0 0 10.2390 0.5000
133 1 0 0 12.8420 0.4216
7 1 0 0 9.9470 0.5000
52 1 0 0 10.1570 0.5000
45 1 0 0 10.7210 0.5000
292 1 0 0 11.8270 0.5000
219 1 0 0 11.0560 0.5000
131 1 0 0 10.7090 0.5000
207 1 0 0 21.2360 0.2553
138 0 1 0 12.7960 0.0000
179 1 0 0 12.5330 0.4374
245 0 0 1 100.0120 0.0000
223 1 0 0 10.4810 0.5000
125 1 0 0 9.9120 0.5000
299 0 0 1 100.0650 0.0000
218 1 0 0 10.0170 0.5000
74 1 0 0 10.6210 0.5000
174 1 0 0 10.2870 0.5000
15 1 0 0 15.3210 0.3735
248 1 0 0 11.9110 0.4585
1 1 0 0 10.0090 0.5000
xxxxxxxxxxxxxxxxxxxxxxxxxxxxxxxxxxxxxxxxxxxxxxxxxxxxxxxxxxxxxxxxxxxxxxxxxxxxxxxxxxxxxx
16 1 0 0 11.3130 0.5000
148 1 0 0 11.0290 0.5000
152 1 0 0 11.1030 0.5000
173 1 0 0 18.3980 0.2858
79 1 0 0 11.3390 0.4819
123 1 0 0 11.6840 0.4854
32 1 0 0 15.6420 0.3638
118 1 0 0 11.3470 0.5000
99 1 0 0 12.8230 0.4462
172 1 0 0 11.1160 0.4750
190 1 0 0 26.5370 0.2102
277 1 0 0 12.1340 0.4587
260 1 0 0 20.6030 0.2842
198 1 0 0 10.9130 0.5000
85 1 0 0 11.6790 0.4597
143 1 0 0 13.0760 0.4343
286 1 0 0 21.7190 0.2964
65 1 0 0 10.8260 0.5000
24 1 0 0 11.8580 0.5000
178 1 0 0 10.7620 0.5000
122 1 0 0 12.1210 0.4783
288 1 0 0 11.1430 0.5000
109 1 0 0 11.9980 0.4746
185 0 1 0 17.4580 0.0000
293 1 0 0 24.9440 0.2319
75 1 0 0 11.9800 0.4515
238 1 0 0 10.8490 0.5000
117 1 0 0 35.5890 0.1675
298 1 0 0 18.4060 0.3156
232 1 0 0 10.7290 0.5000
202 1 0 0 10.3500 0.5000
258 1 0 0 10.4300 0.5000
187 1 0 0 12.0480 0.4496
155 1 0 0 10.4740 0.5000
10 1 0 0 12.3130 0.4539
257 1 0 0 11.2080 0.5000
184 1 0 0 14.0180 0.4321
9 1 0 0 10.7660 0.5000
147 1 0 0 14.8120 0.3802
221 1 0 0 10.7750 0.5000
87 1 0 0 12.2190 0.4655
189 0 0 1 100.0580 0.0000
128 1 0 0 10.8880 0.5000
141 1 0 0 10.8010 0.5000
267 1 0 0 12.3070 0.4528
199 1 0 0 12.1960 0.4912
145 1 0 0 14.6820 0.3747
192 1 0 0 23.0960 0.2427
111 0 1 0 87.9540 0.0000
275 0 1 0 9.8520 0.0000
30 0 0 1 100.0820 0.0000
249 1 0 0 11.4510 0.4917
4 1 0 0 13.3210 0.4453
149 1 0 0 11.3880 0.5000
171 1 0 0 16.9290 0.3331
261 1 0 0 10.9850 0.4843
276 0 1 0 9.1210 0.0000
27 1 0 0 10.1110 0.5000
282 1 0 0 10.9980 0.5000
289 1 0 0 24.2980 0.2559
290 1 0 0 15.8800 0.3620
230 1 0 0 11.2570 0.4995
39 1 0 0 10.6870 0.5000
297 1 0 0 14.6480 0.4103
234 1 0 0 14.6480 0.3668
161 1 0 0 11.2210 0.4872
252 0 0 1 100.0470 0.0000
8 1 0 0 10.7220 0.5000
112 1 0 0 12.5600 0.4790
224 1 0 0 11.6950 0.4612
233 1 0 0 11.6330 0.4938
201 0 1 0 27.0520 0.0000
285 1 0 0 13.5210 0.4083
36 1 0 0 10.4830 0.5000
60 1 0 0 11.4330 0.4869
72 1 0 0 50.7990 0.1250
287 1 0 0 39.8410 0.1626
142 1 0 0 18.4660 0.2989
265 0 0 1 100.0700 0.0000
183 1 0 0 11.2910 0.4864
133 1 0 0 13.2160 0.4097
7 1 0 0 10.9590 0.5000
52 1 0 0 10.3870 0.5000
45 1 0 0 11.9810 0.5000
292 1 0 0 12.1350 0.5000
219 1 0 0 11.7290 0.5000
131 1 0 0 10.5850 0.5000
207 1 0 0 12.6550 0.4285
138 0 1 0 13.8460 0.0000
179 1 0 0 13.7020 0.4001
245 0 0 1 100.0780 0.0000
223 1 0 0 10.9870 0.4976
125 1 0 0 10.5500 0.5000
299 1 0 0 69.1840 0.1250
218 1 0 0 10.5090 0.5000
74 1 0 0 11.3230 0.5000
174 1 0 0 13.3190 0.4081
15 1 0 0 18.0630 0.3168
248 1 0 0 10.6350 0.5000
1 1 0 0 10.4300 0.5000
xxxxxxxxxxxxxxxxxxxxxxxxxxxxxxxxxxxxxxxxxxxxxxxxxxxxxxxxxxxxxxxxxxxxxxxxxxxxxxxxxxxxxx
16 1 0 0 11.1810 0.5000
148 1 0 0 10.2270 0.5000
152 1 0 0 10.5420 0.5000
173 1 0 0 16.5710 0.3173
79 1 0 0 10.1650 0.5000
123 1 0 0 9.9840 0.5000
32 1 0 0 10.1240 0.5000
118 0 1 0 39.3990 0.0000
99 1 0 0 11.7010 0.4889
172 1 0 0 9.8340 0.5000
190 1 0 0 28.6110 0.1950
277 1 0 0 29.2810 0.1901
260 0 1 0 4.1830 0.0000
198 1 0 0 9.8060 0.5000
85 1 0 0 14.4170 0.3724
143 1 0 0 11.7550 0.4831
286 1 0 0 17.5740 0.3663
65 1 0 0 9.8620 0.5000
24 1 0 0 16.0560 0.3849
178 0 1 0 6.5660 0.0000
122 1 0 0 10.2590 0.5000
288 1 0 0 10.2460 0.5000
109 1 0 0 11.2290 0.5000
185 1 0 0 27.4780 0.1998
293 1 0 0 19.3510 0.2989
75 1 0 0 10.1720 0.5000
238 1 0 0 10.3240 0.5000
117 0 1 0 43.8480 0.0000
298 1 0 0 17.9850 0.3230
232 1 0 0 13.8070 0.4445
202 1 0 0 9.7480 0.5000
258 1 0 0 9.7900 0.5000
187 1 0 0 13.2490 0.4089
155 1 0 0 9.7290 0.5000
10 1 0 0 10.8530 0.5000
257 1 0 0 11.0360 0.5000
184 1 0 0 11.9170 0.5000
9 1 0 0 9.8650 0.5000
147 1 0 0 15.4530 0.3644
221 1 0 0 10.1200 0.5000
87 1 0 0 10.2620 0.5000
189 1 0 0 9.8340 0.5000
128 1 0 0 10.3160 0.5000
141 1 0 0 10.1700 0.5000
267 1 0 0 10.9070 0.5000
199 1 0 0 10.4190 0.5000
145 1 0 0 11.0950 0.4958
192 1 0 0 22.9600 0.2441
111 1 0 0 35.6880 0.1892
275 0 1 0 6.2180 0.0000
30 0 0 1 100.0880 0.0000
249 1 0 0 10.5200 0.5000
4 1 0 0 10.3110 0.5000
149 1 0 0 10.8750 0.5000
171 1 0 0 18.3830 0.3067
261 1 0 0 10.0620 0.5000
276 1 0 0 13.0060 0.4868
27 1 0 0 9.9130 0.5000
282 1 0 0 12.0800 0.5000
289 1 0 0 23.2580 0.2673
290 1 0 0 10.6460 0.5000
230 1 0 0 10.3290 0.5000
39 1 0 0 9.8720 0.5000
297 1 0 0 11.3260 0.5000
234 1 0 0 10.0380 0.5000
161 1 0 0 10.8130 0.5000
252 0 0 1 100.0430 0.0000
8 1 0 0 10.1630 0.5000
112 1 0 0 15.1950 0.3959
224 1 0 0 10.1880 0.5000
233 1 0 0 9.9610 0.5000
201 0 1 0 47.0200 0.0000
285 1 0 0 13.0020 0.4246
36 1 0 0 9.6850 0.5000
60 1 0 0 10.7380 0.5000
72 1 0 0 13.0510 0.4072
287 1 0 0 31.1070 0.2082
142 1 0 0 10.6700 0.5000
265 0 0 1 100.0550 0.0000
183 1 0 0 10.5420 0.5000
133 1 0 0 9.9910 0.5000
7 1 0 0 9.7480 0.5000
52 1 0 0 9.8950 0.5000
45 1 0 0 11.0050 0.5000
292 1 0 0 12.3020 0.4938
219 1 0 0 10.8810 0.5000
131 1 0 0 12.0720 0.5000
207 1 0 0 17.4200 0.3113
138 0 0 1 100.0810 0.0000
179 1 0 0 11.9050 0.4605
245 0 0 1 100.0710 0.0000
223 1 0 0 10.4340 0.5000
125 1 0 0 10.0350 0.5000
299 0 1 0 15.6400 0.0000
218 1 0 0 9.7500 0.5000
74 1 0 0 10.3780 0.5000
174 1 0 0 10.6310 0.5000
15 1 0 0 20.4510 0.2798
248 1 0 0 10.3260 0.5000
1 1 0 0 10.2300 0.5000
xxxxxxxxxxxxxxxxxxxxxxxxxxxxxxxxxxxxxxxxxxxxxxxxxxxxxxxxxxxxxxxxxxxxxxxxxxxxxxxxxxxxxx
16 1 0 0 10.9200 0.5000
148 1 0 0 10.3750 0.5000
152 1 0 0 10.5970 0.5000
173 1 0 0 19.1410 0.2747
79 1 0 0 11.5320 0.4738
123 1 0 0 11.4630 0.4948
32 1 0 0 10.5910 0.5000
118 1 0 0 11.1370 0.5000
99 1 0 0 11.5890 0.4937
172 1 0 0 9.7760 0.5000
190 1 0 0 24.5350 0.2274
277 1 0 0 11.0660 0.5000
260 1 0 0 16.7680 0.3492
198 1 0 0 10.0320 0.5000
85 1 0 0 10.4640 0.5000
143 1 0 0 17.8610 0.3179
286 1 0 0 13.1390 0.4899
65 1 0 0 9.7610 0.5000
24 1 0 0 17.5980 0.3512
178 1 0 0 10.0060 0.5000
122 1 0 0 10.6360 0.5000
288 1 0 0 10.2650 0.5000
109 1 0 0 11.1510 0.5000
185 1 0 0 17.4760 0.3142
293 1 0 0 12.6240 0.4582
75 1 0 0 10.5940 0.5000
238 1 0 0 10.8480 0.5000
117 1 0 0 11.8910 0.5000
298 1 0 0 19.4150 0.2992
232 1 0 0 10.2610 0.5000
202 1 0 0 9.6860 0.5000
258 1 0 0 9.8040 0.5000
187 1 0 0 11.2170 0.4829
155 1 0 0 9.8290 0.5000
10 1 0 0 19.3910 0.2882
257 1 0 0 14.0500 0.4419
184 1 0 0 11.0450 0.5000
9 1 0 0 9.9650 0.5000
147 1 0 0 10.2870 0.5000
221 1 0 0 9.9140 0.5000
87 1 0 0 10.5000 0.5000
189 1 0 0 9.7540 0.5000
128 1 0 0 10.4100 0.5000
141 1 0 0 10.2340 0.5000
267 1 0 0 10.6300 0.5000
199 1 0 0 11.2670 0.5000
145 1 0 0 10.6730 0.5000
192 1 0 0 18.4580 0.3036
111 0 0 1 100.0550 0.0000
275 1 0 0 15.5720 0.3448
30 0 0 1 100.0700 0.0000
249 1 0 0 11.9490 0.4712
4 1 0 0 10.7250 0.5000
149 1 0 0 17.9960 0.3521
171 1 0 0 18.1660 0.3104
261 1 0 0 10.3560 0.5000
276 1 0 0 14.6660 0.4317
27 1 0 0 10.0010 0.5000
282 1 0 0 11.0500 0.5000
289 1 0 0 22.2240 0.2798
290 1 0 0 14.4120 0.3989
230 1 0 0 12.0070 0.4683
39 1 0 0 13.6860 0.4086
297 0 1 0 8.0990 0.0000
234 1 0 0 9.8130 0.5000
161 1 0 0 10.7610 0.5000
252 0 0 1 100.0180 0.0000
8 1 0 0 10.4230 0.5000
112 1 0 0 14.0970 0.4268
224 1 0 0 11.2670 0.4787
233 1 0 0 9.8510 0.5000
201 0 1 0 17.3570 0.0000
285 1 0 0 12.4240 0.4443
36 1 0 0 9.5770 0.5000
60 1 0 0 10.2560 0.5000
72 1 0 0 17.4090 0.3053
287 1 0 0 20.9970 0.3085
142 1 0 0 15.4590 0.3571
265 0 0 1 100.0760 0.0000
183 1 0 0 10.4310 0.5000
133 1 0 0 10.7290 0.5000
7 1 0 0 9.8950 0.5000
52 1 0 0 9.8820 0.5000
45 1 0 0 11.2210 0.5000
292 1 0 0 12.4680 0.4873
219 1 0 0 10.6550 0.5000
131 1 0 0 10.3700 0.5000
207 1 0 0 12.2030 0.4443
138 0 1 0 15.9400 0.0000
179 1 0 0 10.4390 0.5000
245 0 0 1 100.0860 0.0000
223 1 0 0 10.7570 0.5000
125 1 0 0 9.8210 0.5000
299 0 1 0 10.0690 0.0000
218 1 0 0 10.0810 0.5000
74 0 1 0 7.4800 0.0000
174 1 0 0 10.7630 0.5000
15 1 0 0 12.4740 0.4588
248 1 0 0 10.5090 0.5000
1 1 0 0 10.4840 0.5000
XXXXXXXXXXXXXXXXXXXXXXXXXXXXXXXXXXXXXXXXXXXXXXXXXXXXXXXXXX
16 1 0 0 11.4130 0.5000
148 1 0 0 10.0590 0.5000
152 1 0 0 10.6670 0.5000
173 1 0 0 12.2910 0.4278
79 1 0 0 10.7680 0.5000
123 1 0 0 10.2770 0.5000
32 1 0 0 10.1000 0.5000
118 1 0 0 11.2190 0.5000
99 1 0 0 15.0460 0.3802
172 1 0 0 10.0760 0.5000
190 1 0 0 23.1280 0.2412
277 1 0 0 10.6350 0.5000
260 1 0 0 13.1430 0.4455
198 1 0 0 11.5410 0.4960
85 1 0 0 10.3520 0.5000
143 1 0 0 15.0380 0.3776
286 1 0 0 12.6860 0.5000
65 1 0 0 9.7190 0.5000
24 1 0 0 13.3060 0.4645
178 1 0 0 10.7360 0.5000
122 1 0 0 11.0350 0.5000
288 1 0 0 11.0600 0.5000
109 1 0 0 10.8290 0.5000
185 0 1 0 18.4560 0.0000
293 1 0 0 13.7700 0.4200
75 1 0 0 10.2450 0.5000
238 1 0 0 10.4510 0.5000
117 1 0 0 12.3140 0.4841
298 1 0 0 19.4110 0.2993
232 1 0 0 16.2370 0.3780
202 1 0 0 9.8070 0.5000
258 1 0 0 9.7130 0.5000
187 1 0 0 11.8890 0.4556
155 1 0 0 9.7510 0.5000
10 1 0 0 11.7800 0.4744
257 1 0 0 11.0290 0.5000
184 1 0 0 10.7410 0.5000
9 1 0 0 9.9070 0.5000
147 1 0 0 11.4040 0.4938
221 1 0 0 10.2790 0.5000
110 1 0 0 9.8690 0.5000
110 1 0 0 10.0040 0.5000
xxxxxxxxxxxxxxxxxxxxxxxxxxxxxxxxxxxxxxxxxxxxxxxxxxxxxxxxxxxxxxxxxxxxxxxxxxxxxxxxxxxxxx
16 1 0 0 11.3500 0.5000
148 1 0 0 6.1850 0.5000
152 1 0 0 5.7500 0.5000
173 0 1 0 58.1550 0.0000
79 0 0 1 100.0060 0.0000
173 1 0 0 11.8730 0.4429
173 0 1 0 4.4260 0.0000
173 0 1 0 10.4830 0.0000
173 0 1 0 42.8990 0.0000
173 0 1 0 9.3280 0.0000
173 0 1 0 5.5530 0.0000
173 0 1 0 2.2960 0.0000
173 1 0 0 9.2950 0.5000
173 1 0 0 10.2350 0.5000
173 0 1 0 6.3870 0.0000
173 0 1 0 7.7340 0.0000
173 1 0 0 5.9430 0.5000
173 0 1 0 5.4630 0.0000
173 0 1 0 6.8070 0.0000
173 0 1 0 2.3070 0.0000
173 0 1 0 9.3890 0.0000
173 0 1 0 2.1030 0.0000
173 0 1 0 4.8180 0.0000
173 0 1 0 3.4870 0.0000
173 0 1 0 4.7110 0.0000
173 0 1 0 5.4320 0.0000
173 0 1 0 5.2210 0.0000
173 0 1 0 2.4910 0.0000
173 0 1 0 2.1850 0.0000
173 0 1 0 3.7150 0.0000
173 0 1 0 2.2120 0.0000
173 0 1 0 5.5100 0.0000
173 1 0 0 6.8990 0.5000
173 0 1 0 2.7330 0.0000
173 0 1 0 8.8960 0.0000
173 0 1 0 5.7760 0.0000
173 0 1 0 10.8910 0.0000
173 1 0 0 10.8780 0.4834
173 0 1 0 3.2510 0.0000
173 0 1 0 25.8730 0.0000
173 1 0 0 42.1870 0.1250
173 1 0 0 57.3660 0.1250
173 0 1 0 9.1480 0.0000
173 1 0 0 51.2990 0.2050
173 0 1 0 44.1620 0.0000
173 0 1 0 13.1940 0.0000
173 0 1 0 17.0160 0.0000
173 0 1 0 19.7340 0.0000
173 0 1 0 11.4120 0.0000
173 0 1 0 8.8210 0.0000
173 0 1 0 24.5350 0.0000
173 0 1 0 3.4070 0.0000
173 0 1 0 2.8980 0.0000
173 0 1 0 4.0830 0.0000
173 0 1 0 3.4620 0.0000
173 0 1 0 3.1430 0.0000
173 0 1 0 12.2020 0.0000
173 0 1 0 6.4070 0.0000
173 0 1 0 11.2910 0.0000
173 1 0 0 44.9170 0.1250
173 0 1 0 3.1630 0.0000
0 0 1 0 26.0250 0.0000
0 1 0 0 12.4130 0.5000
0 0 1 0 14.7440 0.0000
0 1 0 0 14.0090 0.4794
0 0 1 0 6.1620 0.0000
0 0 1 0 8.3220 0.0000
0 0 1 0 3.0500 0.0000
0 0 1 0 11.9730 0.0000
0 1 0 0 7.6360 0.5000
0 1 0 0 11.2310 0.5000
